[object]
source = Armature

[bone:LARA_HIPS_BONE]
source = HIP
source_to_target_rest = (0.002, 0, 0, 0, 0, 0.002, 0, -0.919748, 0, 0, 0.002, -0.010745, 0, 0, 0, 1)
delta_transform = (499.902405, -9.391239, 3.062096, -8.312536, 8.814227, 494.065552, 76.298897, 2.534056, -4.458835, -76.230026, 494.134705, -6.975194, 0, 0, 0, 1)

[bone:LARA_LEFT_THIGH_BONE]
source = THIGH_L
source_to_target_rest = (0.001999, -6.1e-05, -4e-06, 0.038877, 6e-05, 0.00198, -0.000273, 0.005361, 1.2e-05, 0.000273, 0.001981, 0.009649, 0, 0, 0, 1)
delta_transform = (481.590057, -80.845467, -107.401123, -19.621517, 93.059433, 488.777771, 49.3573, -2.773504, 97.009933, -67.529373, 485.827942, -3.953092, 0, 0, 0, 1)

[bone:LARA_LEFT_SHIN_BONE]
source = CALF_L
source_to_target_rest = (0.001911, 0.000457, 0.000376, 0.108275, -0.000381, 0.001922, -0.000399, 0.011666, -0.000452, 0.000309, 0.001924, 0.025042, 0, 0, 0, 1)
delta_transform = (472.986359, -70.193329, -146.139801, -46.948589, -141.628601, 40.447056, -477.812988, 28.259266, 78.900444, 493.393311, 18.379091, -10.90541, 0, 0, 0, 1)

[bone:LARA_LEFT_FOOT_BONE]
source = ANKLE_L
source_to_target_rest = (0.00189, -0.000566, 0.000326, 0.002398, -0.000648, -0.001748, 0.000725, -0.430121, 8e-05, -0.000791, -0.001835, 0.22919, 0, 0, 0, 1)
delta_transform = (484.639771, -12.174363, 122.377022, -77.335419, 44.602631, -446.26828, -221.031998, -106.937836, 114.607811, 225.158417, -431.472717, 204.860977, 0, 0, 0, 1)

[bone:LARA_RIGHT_THIGH_BONE]
source = THIGH_R
source_to_target_rest = (0.001995, 0.000142, -3.4e-05, -0.005888, -0.000145, 0.001975, -0.000282, 0.002158, 1.3e-05, 0.000284, 0.00198, 0.009744, 0, 0, 0, 1)
delta_transform = (468.006012, 149.87735, 92.23452, 2.959013, -159.233093, 472.223389, 40.618748, -2.668916, -74.934921, -67.393204, 489.737579, -4.205653, 0, 0, 0, 1)

[bone:LARA_RIGHT_SHIN_BONE]
source = CALF_R
source_to_target_rest = (0.001837, -0.000738, -0.000284, -0.127195, 0.000692, 0.001848, -0.000327, 0.001114, 0.000383, 0.000202, 0.001953, 0.026028, 0, 0, 0, 1)
delta_transform = (458.123871, 134.658371, 148.289047, 55.552452, -91.296181, 469.844482, -144.606369, -4.550356, -178.290512, 105.418777, 455.081604, -33.279945, 0, 0, 0, 1)

[bone:LARA_RIGHT_FOOT_BONE]
source = ANKLE_R
source_to_target_rest = (0.001832, -0.000365, -0.000713, -0.190285, 0.000748, 0.000141, 0.00185, -0.106124, -0.000288, -0.001961, 0.000265, 0.000431, 0, 0, 0, 1)
delta_transform = (492.951355, 55.282089, -62.792557, 107.369637, -79.57164, 193.936661, -453.934845, 2.696936, -25.833366, 457.528625, 200.000504, 18.226274, 0, 0, 0, 1)

[bone:LARA_TORSO_BONE]
source = SPINE_1
source_to_target_rest = (0.002, 3.5e-05, -1.8e-05, 0.017303, -3.8e-05, 0.001976, -0.000305, 0.032904, 1.2e-05, 0.000305, 0.001977, -0.005326, 0, 0, 0, 1)
delta_transform = (499.99823, -0.683256, 1.149364, -8.203853, 0.785331, 497.911621, -45.645203, -16.685925, -1.082188, 45.646839, 497.910858, 2.623957, 0, 0, 0, 1)

[bone:LARA_RIGHT_UPPER_ARM_BONE]
source = BICEP_R
source_to_target_rest = (0.001925, -0.000505, 0.000204, 0.00305, 0.00035, 0.001721, 0.000956, 0.065881, -0.000417, -0.000884, 0.001745, 0.069355, 0, 0, 0, 1)
delta_transform = (-64.426956, 439.792633, -228.979507, -6.388703, -472.800781, -124.04702, -105.222679, 6.212348, -149.360794, 202.965042, 431.852448, -47.016071, 0, 0, 0, 1)

[bone:LARA_RIGHT_FOREARM_BONE]
source = FORARM_R
source_to_target_rest = (-9.1e-05, -0.00193, -0.000516, -0.039503, 0.001765, -0.000319, 0.000884, 0.055905, -0.000935, -0.000416, 0.001718, -0.019347, 0, 0, 0, 1)
delta_transform = (-55.260872, 235.700562, 437.483093, -1.009212, -496.610413, -10.237942, -57.213692, -20.819334, -18.012753, -440.840607, 235.234146, 28.819923, 0, 0, 0, 1)

[bone:LARA_RIGHT_HAND_BONE]
source = PALM_R
source_to_target_rest = (-0.000212, -0.001987, -8.9e-05, -0.058843, 0.000962, -2.4e-05, -0.001753, -0.062826, 0.001741, -0.000229, 0.000958, 0.133962, 0, 0, 0, 1)
delta_transform = (-115.176529, 211.64386, 438.111023, -52.170719, -486.281708, -65.124557, -96.379654, -19.794352, 16.267296, -448.291992, 220.838623, -56.790958, 0, 0, 0, 1)

[bone:LARA_LEFT_UPPER_ARM_BONE]
source = BICEP_L
source_to_target_rest = (0.001931, 0.000511, 9.8e-05, 0.019515, -0.000505, 0.001748, 0.00083, 0.075401, 0.000127, -0.000826, 0.001817, 0.088354, 0, 0, 0, 1)
delta_transform = (-83.346138, -456.198975, 186.911423, 3.943465, 475.490601, -124.461609, -91.749153, 4.158852, 130.238403, 162.455566, 454.583557, -58.611591, 0, 0, 0, 1)

[bone:LARA_LEFT_FOREARM_BONE]
source = FORARM_L
source_to_target_rest = (-0.000184, 0.001936, 0.000465, 0.054328, -0.001838, -0.000345, 0.000709, 0.053635, 0.000766, -0.000362, 0.001812, 0.02465, 0, 0, 0, 1)
delta_transform = (-91.351822, -282.260712, -402.472076, 25.841194, 491.493317, -60.305023, -69.264595, -22.428928, -9.440845, -408.279663, 288.476349, 20.93148, 0, 0, 0, 1)

[bone:LARA_LEFT_HAND_BONE]
source = PALM_L
source_to_target_rest = (-0.000354, 0.001968, -2.1e-05, 0.08659, -0.001149, -0.000224, -0.001622, -0.032241, -0.001598, -0.000275, 0.00117, 0.163399, 0, 0, 0, 1)
delta_transform = (-143.924103, -130.559021, -460.695312, 76.799942, 433.79071, -239.249008, -67.716789, -33.340115, -202.75972, -419.182831, 182.137878, -42.418694, 0, 0, 0, 1)

[bone:LARA_HEAD_BONE]
source = HEAD
source_to_target_rest = (0.002, 4.3e-05, 5e-06, 0.007209, -4e-05, 0.001788, 0.000895, 0.090304, 1.5e-05, -0.000895, 0.001789, 0.144482, 0, 0, 0, 1)
delta_transform = (499.952148, 0.671851, -6.882671, -2.584899, -0.650332, 499.997131, 1.567486, -35.613815, 6.884739, -1.558386, 499.950104, -77.429794, 0, 0, 0, 1)

